-48.634, 15.888, 97.962
-48.245, 17.85, 97.653
-47.884, 19.817, 96.969
-47.556, 21.79, 96.586
-47.274, 23.77, 95.706
-47.042, 25.756, 94.627
-46.873, 27.749, 93.279
-46.782, 29.747, 90.673
-46.788, 31.746, 87.827
-46.912, 33.742, 84.887
-47.181, 35.723, 81.841
-47.631, 37.671, 78.678
-48.306, 39.552, 75.383
-49.249, 41.313, 71.939
-50.474, 42.89, 70.114
-51.966, 44.216, 71.865
-53.684, 45.236, 75.572
-55.544, 45.964, 80.101
-57.487, 46.433, 84.478
-59.471, 46.678, 86.43
-61.469, 46.747, 87.774
-62.279, 46.711, 86.593
-60.279, 46.697, 83.608
-58.279, 46.683, 80.513
-56.279, 46.668, 77.294
-54.279, 46.654, 73.935
-52.279, 46.639, 70.415
-50.279, 46.625, 66.711
-48.279, 46.611, 62.788
-46.977, 46.949, 60.004
-48.085, 48.607, 55.623
-48.822, 50.457, 50.875
-48.992, 52.434, 49.46
-48.497, 54.36, 57.321
-47.498, 56.083, 74.598
-46.134, 57.541, 80.817
-44.579, 58.794, 85.339
-42.898, 59.874, 88.566
-41.133, 60.813, 90.866
-39.312, 61.635, 92.52
-37.449, 62.361, 93.722
-35.556, 63.006, 94.604
-33.637, 63.569, 94.604
-31.698, 64.058, 95.258
-29.746, 64.492, 95.743
-27.783, 64.878, 96.102
-25.809, 65.199, 96.102
-23.828, 65.47, 96.364
-21.842, 65.705, 96.549
-19.85, 65.884, 96.549
-17.855, 66.018, 96.672
-15.858, 66.123, 96.743
-13.858, 66.167, 96.743
-11.859, 66.178, 96.769
-9.859, 66.156, 96.769
-7.86, 66.075, 96.753
-5.863, 65.97, 96.699
-3.87, 65.813, 96.699
-1.88, 65.615, 96.608
0.107, 65.388, 96.608
2.086, 65.097, 96.481
4.061, 64.783, 96.317
6.026, 64.409, 96.317
7.982, 63.995, 96.115
9.93, 63.545, 96.115
11.862, 63.027, 95.875
13.786, 62.483, 95.595
15.689, 61.867, 95.595
17.578, 61.21, 95.276
19.449, 60.505, 95.276
21.291, 59.727, 94.919
23.119, 58.917, 94.526
24.909, 58.023, 94.526
26.671, 57.08, 94.105
28.407, 56.086, 94.105
30.087, 55.002, 93.666
31.741, 53.879, 93.227
33.338, 52.675, 93.227
34.88, 51.403, 92.807
36.388, 50.089, 92.436
37.798, 48.67, 92.436
39.176, 47.222, 92.317
37.787, 46.948, 100
35.787, 46.948, 100
33.787, 46.948, 100
31.787, 46.948, 100
29.787, 46.948, 100
31.524, 46.935, 100
33.524, 46.92, 100
35.524, 46.906, 100
37.524, 46.892, 100
39.524, 46.877, 100
41.524, 46.863, 100
43.524, 46.848, 100
45.524, 46.834, 100
47.524, 46.82, 100
49.524, 46.805, 100
51.524, 46.791, 100
53.524, 46.776, 100
55.524, 46.762, 100
57.524, 46.748, 100
59.524, 46.733, 100
61.524, 46.719, 100
61.971, 45.163, 100
61.971, 43.163, 100
61.971, 41.163, 100
61.971, 39.163, 100
61.971, 37.163, 100
61.971, 35.163, 100
61.971, 33.163, 100
61.971, 31.163, 100
61.971, 29.163, 100
61.971, 27.163, 100
61.971, 25.163, 100
61.971, 23.163, 100
61.971, 21.163, 100
61.971, 19.163, 100
61.971, 17.163, 100
61.971, 15.163, 100
61.971, 13.163, 100
61.971, 11.163, 100
61.971, 9.163, 100
61.971, 7.163, 100
61.971, 5.163, 100
61.971, 3.163, 100
61.971, 1.163, 100
61.971, -0.837, 100
61.971, -2.837, 100
61.971, -4.837, 100
61.971, -6.837, 100
61.971, -8.837, 100
61.971, -10.837, 100
61.971, -12.837, 100
61.971, -14.837, 100
61.971, -16.837, 100
61.971, -18.837, 100
61.971, -20.837, 100
61.971, -22.837, 100
61.971, -24.837, 100
61.971, -26.837, 100
61.971, -28.837, 100
61.971, -30.837, 100
61.971, -32.837, 100
61.971, -34.837, 100
61.971, -36.837, 98.722
61.971, -38.837, 96.115
61.971, -40.837, 93.434
61.971, -42.837, 90.675
61.971, -44.837, 87.829
61.962, -46.836, 84.889
61.813, -48.831, 84.862
61.537, -50.806, 81.823
61.093, -52.756, 81.823
60.353, -54.613, 79.726
59.424, -56.375, 79.31
58.296, -58.02, 80.651
56.953, -59.503, 80.651
55.41, -60.771, 83.159
53.753, -61.882, 86.049
52.004, -62.848, 88.761
50.163, -63.629, 88.761
48.269, -64.265, 91.047
46.347, -64.812, 92.869
44.389, -65.218, 92.869
42.416, -65.54, 94.281
40.433, -65.798, 94.281
38.439, -65.946, 95.365
36.443, -66.068, 96.196
34.443, -66.092, 96.196
32.443, -66.096, 96.837
30.444, -66.028, 96.837
28.447, -65.937, 97.334
26.452, -65.79, 97.334
24.459, -65.624, 97.724
22.471, -65.408, 97.724
20.484, -65.178, 98.032
18.503, -64.903, 98.032
16.523, -64.621, 98.278
14.55, -64.293, 98.278
12.577, -63.965, 98.475
10.613, -63.592, 98.475
8.648, -63.218, 98.475
6.69, -62.809, 98.634
4.734, -62.394, 98.634
2.783, -61.954, 98.762
0.835, -61.502, 98.762
-1.11, -61.033, 98.865
-3.05, -60.548, 98.865
-4.987, -60.053, 98.948
-6.92, -59.538, 98.948
-8.851, -59.017, 99.013
-10.776, -58.475, 99.013
-12.7, -57.929, 99.063
-14.618, -57.363, 97.351
-16.536, -56.793, 94.706
-18.447, -56.204, 91.985
-20.357, -55.611, 89.181
-22.261, -55, 86.286
-24.164, -54.385, 83.29
-26.062, -53.754, 80.182
-27.957, -53.116, 76.949
-29.849, -52.466, 73.574
-31.736, -51.804, 70.037
-33.621, -51.135, 66.311
-35.501, -50.452, 62.364
-37.376, -49.757, 58.148
-39.247, -49.051, 53.602
-41.113, -48.33, 48.634
-42.972, -47.592, 43.096
-44.821, -46.829, 36.732
-46.48, -46.015, 29.661
-44.485, -46.119, 100
-42.487, -46.196, 100
-40.488, -46.273, 100
-38.49, -46.351, 100
-36.491, -46.428, 100
-34.493, -46.505, 100
-32.494, -46.582, 100
-30.496, -46.66, 100
-29.364, -46.72, 100
-31.364, -46.72, 100
-33.364, -46.72, 100
-35.364, -46.72, 100
-37.364, -46.72, 100
-39.364, -46.72, 100
-41.364, -46.72, 100
-43.364, -46.72, 100
-45.364, -46.72, 100
-47.364, -46.72, 100
-49.364, -46.72, 100
-51.364, -46.72, 100
-53.364, -46.72, 100
-55.364, -46.72, 100
-57.364, -46.72, 100
-59.364, -46.72, 100
-61.364, -46.72, 100
-61.453, -46.72, 100
-59.453, -46.72, 100
-57.453, -46.72, 100
-55.453, -46.72, 100
-53.453, -46.72, 100
-51.453, -46.72, 100
-49.453, -46.72, 100
-47.453, -46.72, 100
-45.453, -46.72, 100
-43.453, -46.72, 100
-41.453, -46.72, 100
-39.453, -46.72, 100
-37.453, -46.72, 100
-35.453, -46.72, 100
-33.453, -46.72, 100
-31.453, -46.72, 100
-29.453, -46.72, 100
-30.181, -45.346, 100
-31.372, -43.739, 100
-32.562, -42.132, 100
-33.753, -40.525, 100
-34.944, -38.918, 100
-36.134, -37.311, 100
-37.325, -35.704, 100
-38.516, -34.097, 100
-39.706, -32.49, 98.418
-40.897, -30.883, 95.802
-42.088, -29.276, 93.113
-43.278, -27.669, 90.344
-44.469, -26.062, 87.487
-45.66, -24.455, 84.534
-46.85, -22.848, 81.474
-48.041, -21.241, 78.294
-49.232, -19.635, 74.98
-50.422, -18.028, 71.512
-51.613, -16.421, 67.868
-52.803, -14.814, 64.016
-53.994, -13.207, 59.917
-55.185, -11.6, 55.516
-56.375, -9.993, 50.735
-57.566, -8.386, 45.453
-58.757, -6.779, 39.472
-59.947, -5.172, 32.404
-61.138, -3.565, 23.281
-62.408, -1.85, 0
-62.408, -1.85, 0
-74.315, 14.219, 0
endData
127
100
200
-48.634, 15.888, -45.437, 31.488, -44.275, 47.646, -62.873, 46.716
-62.873, 46.716, -54.795, 46.658, -54.795, 46.658, -46.716, 46.599
-46.716, 46.599, -63.106, 65.663, 11.754, 78.799, 39.42, 46.948
39.42, 46.948, 34.538, 46.948, 34.538, 46.948, 29.656, 46.948
29.656, 46.948, 45.814, 46.832, 45.814, 46.832, 61.971, 46.716
61.971, 46.716, 61.971, 0, 61.971, 0, 61.971, -46.716
61.971, -46.716, 61.623, -91.613, -52.295, -44.279, -46.367, -46.046
-46.367, -46.046, -37.649, -46.383, -37.649, -46.383, -28.931, -46.72
-28.931, -46.72, -45.669, -46.72, -45.669, -46.72, -62.408, -46.72
-62.408, -46.72, -45.786, -46.72, -45.786, -46.72, -29.163, -46.72
-29.163, -46.72, -45.786, -24.285, -45.786, -24.285, -62.408, -1.85
#PATH.JERRYIO-DATA {"appVersion":"0.10.0","format":"LemLib v0.5","gc":{"robotWidth":14,"robotHeight":15,"robotIsHolonomic":false,"showRobot":true,"uol":2.54,"pointDensity":2,"controlMagnetDistance":1.968503937007874,"fieldImage":{"displayName":"V5RC 2026 - Push Back (Skills)","signature":"V5RC-PushBack-Skills-TopDownHighlighted-TileColor66_71","origin":{"__type":"built-in"}},"coordinateSystem":"VEX Gaming Positioning System"},"paths":[{"segments":[{"controls":[{"uid":"kOIm2gHekq","x":-48.634,"y":15.888,"lock":false,"visible":true,"heading":0,"__type":"end-point"},{"uid":"6v2EbRE0AE","x":-45.43698216829284,"y":31.48784724147351,"lock":false,"visible":true,"__type":"control"},{"uid":"ZRT9NzVvfD","x":-44.27455425772456,"y":47.645595198372575,"lock":false,"visible":true,"__type":"control"},{"uid":"gcCSZW9lhD","x":-62.87340082681701,"y":46.71565286991795,"lock":false,"visible":true,"heading":270,"__type":"end-point"}],"speedProfiles":[],"lookaheadKeyframes":[],"uid":"44F7xNxcBx"},{"controls":[{"uid":"gcCSZW9lhD","x":-62.87340082681701,"y":46.71565286991795,"lock":false,"visible":true,"heading":270,"__type":"end-point"},{"uid":"A0szr4bIXL","x":-46.71565286991795,"y":46.599410078861126,"lock":false,"visible":true,"heading":270,"__type":"end-point"}],"speedProfiles":[],"lookaheadKeyframes":[],"uid":"8AWkWx8yzO"},{"controls":[{"uid":"A0szr4bIXL","x":-46.71565286991795,"y":46.599410078861126,"lock":false,"visible":true,"heading":270,"__type":"end-point"},{"uid":"fFLoyBGLKF","x":-63.105886408930594,"y":65.66319943259319,"lock":false,"visible":true,"__type":"control"},{"uid":"9rSFsV2xVb","x":11.754154245426145,"y":78.79904490087587,"lock":false,"visible":true,"__type":"control"},{"uid":"ohqHaHKzVU","x":39.42025530319144,"y":46.94813845203161,"lock":false,"visible":true,"heading":90,"__type":"end-point"}],"speedProfiles":[],"lookaheadKeyframes":[],"uid":"cNGL1je5lz"},{"controls":[{"uid":"ohqHaHKzVU","x":39.42025530319144,"y":46.94813845203161,"lock":false,"visible":true,"heading":90,"__type":"end-point"},{"uid":"LT4o9gBlP3","x":29.655860854417906,"y":46.94813845203161,"lock":false,"visible":true,"heading":90,"__type":"end-point"}],"speedProfiles":[],"lookaheadKeyframes":[],"uid":"CGCQvkJKZZ"},{"controls":[{"uid":"LT4o9gBlP3","x":29.655860854417906,"y":46.94813845203161,"lock":false,"visible":true,"heading":90,"__type":"end-point"},{"uid":"L4CfBx4DuC","x":61.97135676821603,"y":46.71565286991795,"lock":false,"visible":true,"heading":90,"__type":"end-point"}],"speedProfiles":[],"lookaheadKeyframes":[],"uid":"upu0Q9gie4"},{"controls":[{"uid":"L4CfBx4DuC","x":61.97135676821603,"y":46.71565286991795,"lock":false,"visible":true,"heading":90,"__type":"end-point"},{"uid":"PLBgd97ILh","x":61.971,"y":-46.716,"lock":false,"visible":true,"heading":90,"__type":"end-point"}],"speedProfiles":[],"lookaheadKeyframes":[],"uid":"JYPKckdBPA"},{"controls":[{"uid":"PLBgd97ILh","x":61.971,"y":-46.716,"lock":false,"visible":true,"heading":90,"__type":"end-point"},{"uid":"fCOz1hFG9g","x":61.622628395045545,"y":-91.61326848770712,"lock":false,"visible":true,"__type":"control"},{"uid":"qNuCqyzUgh","x":-52.29530684064569,"y":-44.27892584940777,"lock":false,"visible":true,"__type":"control"},{"uid":"leKc73YptU","x":-46.366924496747465,"y":-46.04609439343062,"lock":false,"visible":true,"heading":270,"__type":"end-point"}],"speedProfiles":[],"lookaheadKeyframes":[],"uid":"QEOoplRQs5"},{"controls":[{"uid":"leKc73YptU","x":-46.366924496747465,"y":-46.04609439343062,"lock":false,"visible":true,"heading":270,"__type":"end-point"},{"uid":"uaKHSKiXB8","x":-28.9305058382233,"y":-46.720024461601156,"lock":false,"visible":true,"heading":270,"__type":"end-point"}],"speedProfiles":[],"lookaheadKeyframes":[],"uid":"b7KckbMUYg"},{"controls":[{"uid":"uaKHSKiXB8","x":-28.9305058382233,"y":-46.720024461601156,"lock":false,"visible":true,"heading":270,"__type":"end-point"},{"uid":"QZWvDUuFxj","x":-62.408429662589704,"y":-46.720024461601156,"lock":false,"visible":true,"heading":270,"__type":"end-point"}],"speedProfiles":[],"lookaheadKeyframes":[],"uid":"jGZCcsKYke"},{"controls":[{"uid":"QZWvDUuFxj","x":-62.408429662589704,"y":-46.720024461601156,"lock":false,"visible":true,"heading":270,"__type":"end-point"},{"uid":"RJ0EdBtIuo","x":-29.162991420336954,"y":-46.720024461601156,"lock":false,"visible":true,"heading":270,"__type":"end-point"}],"speedProfiles":[],"lookaheadKeyframes":[],"uid":"TO52E9H2qM"},{"controls":[{"uid":"RJ0EdBtIuo","x":-29.162991420336954,"y":-46.720024461601156,"lock":false,"visible":true,"heading":270,"__type":"end-point"},{"uid":"7gWhOe25gp","x":-62.408429662589704,"y":-1.8503071136656275,"lock":false,"visible":true,"heading":315,"__type":"end-point"}],"speedProfiles":[],"lookaheadKeyframes":[],"uid":"OqPTzKn0Af"}],"pc":{"speedLimit":{"minLimit":{"value":0,"label":"0"},"maxLimit":{"value":127,"label":"127"},"step":1,"from":20,"to":100},"bentRateApplicableRange":{"minLimit":{"value":0,"label":"0"},"maxLimit":{"value":1,"label":"1"},"step":0.001,"from":0,"to":0.1},"maxDecelerationRate":127},"name":"Path","uid":"mMLhd7y6U8","lock":false,"visible":true}]}